’ - 65,·14A1·11,54‚·12,81‚88

elxxxviii

i, 85. m, 61, 64, 110 Α 81, 84 Af
Milite G v, 48. vii, 52 Af12, 84, 86
Militem G v, 62 C ii, 82 Af 16, 47,

54, 75, 71, 84
Milites G i, 10, 26, 89, 42, 61, 62. ii,

26, 21, 28, 25, 26, 88. 111, 5, 14, 15,

19, 22, 24, 29. iv, 14, 37. v, 1, 7, 9,

15, 18, 19, 23, 27, 33, 39, 52. vi, 8,

84, 86, 39,45. vii, 17, 19, 25, 22,

24, 38, 45, 43, 45, 45, 47, 55, 51,

51,58, 83, 88. viii, 1, 5, 41,42 c

1, 5, 7, 12, 13, 15, 15, 18, 25, 21, 22,

23, 27, 28, 32, 41, 45, 45, 54, 54,

57,58, 59, 72, 74, 75,77,85, 85, 87.

11, 2, 11, 12, 13, 28, 32, 33, 34, 35,

39, 42, 44. 111, 4, 5, 19,24, 23, 29,

32, 41, 44, 45, 47, 51, 52,53, 55,

59, 71, 73, 75, 85, 82, 84, 91, 92,

88, 94, 65, 166, 111, 112 A 4, 10,

13, 25, 22, 24, 29, 35, 31,35, 42,

45, 48, 58, 53, 75 ΑΗ, 11, 12, 16,

26,24, 26, 81, 82, 85, 39, 42, 44,

47, 52, 75, 72, 73, 75, 77, 81, 82,

85,85 1112 F858,11
Militi G ii, 26 Α147, 86 H 26
Militia A 66
Militiae G vi, 14, 18
Militiam G vii, 14
Minium· G i, 8, 16, 42. ii, 26, 27, 88

111, 29. iv, 24, 25, 26, 31. v, 2, 23,

24, 33, 35. vi, 8, 84. v11,11‚ 12,27,

38, 47, 53, 58. ν111,4, 14 c 1, 17,

28, 54, 54, 84, 85, 87. 11, 15. 35, 41.

111, 4, 8, 11, 14, 19, 23, 25,37,39,

45, 45, 52, 75, 74, 85, 84, 95, 92,

94, 97, 153, 157, 115, 111, 112 Α 9,

15, 19, ,25, 31, 34, 44, 48, 52, 53,

55, 51, 59, 75, 77 Af 54, 56, 74, 82, -

,85,85 97 H 12, 13

Minus ὀ v, 33. vm, 37 As 15, 84
Mmtum G 1, 7, 8, 25, 39, 41, 45, 51.
11, 11, 25, 26. 111, 5, 7, 14, 17, 19.
iv, 28, 80, 84, 85. v, 2, 8, 11, 16,
21, 27, 28, 35, 31, 35, 45, 43, 45,
48, 52. vi, 7, 9, 32, 34, 39, 45. vu,
4, 8, 17, 22, 31, 38, 41, 42, 45, 47,
52,53,52,55, 72, 73, 85. vm, 88
c 1, 8, 13, 15,25, 21, 28, 28, 86, 44,
52, 52, 54, 57, 71, 74, 75,75,77,
82. 11, 15, 18, 29, 35, 82, 84, 39, 44.
111, 2, 6, 16, 18,16,24, 29,31,44,
47, 49, 53, 57, 71, 72, 75, 85,84,
. 95, 92, 95, 154, 155, 115,111 413,
21, 22, 35, 45, 43, 44, 45, σῖἰ 58,
11,

mine (1122. 111,19. vi, 7. vn, 45.
ν111,17,18 ο11,24,35. 111,84 A

mmm ”

59, 73 Af18, 18, 84,88, 86, 41, 55,
59, 78, 85, 95 Η 29, 31

Miuia G i, 2,· 4, 8, 21, 22, 26, 27, 29,
31,48, 49, 53. 11, 4, 5, 11, 13, 15,
26. iv, 1, 3, 23, 37. v, 6, 11, 13,
27, 45, 47, 49, 53. vi, 85. νΐι, 15,
21, 34, 38, 39, 45, 55, 64, 66, 59,
71, 74, 75, 79, 83, 95. ν111,4, 16, 17,
21 c 1, 15, 39, 45, 51, 54, 51,55,
85. 11, 18, 23, 39, 45. 111, 2, 4, 25,
35, 38, 44, 53, 53, 75, 88, 97,
155, 115 A 26, 86, 56, 56, 73 A
3, 5, 15, 12, 24, 35, 37, 53, 55,
58, 75, 75, 77, 78, 79 11 7, 8,
25, 29, 31, 32, 34, 41

Miliiarium H 82

Minibus G i, 15, 28, 26, 41, 48. ii, 7,
28, 33. 111, 5. iv,16, 11, 22. v, 8,
19, 24, 82. vi, 7, 29, 35, 35. vast,
68, 75, 77. viii, 8, 26, 26, 26, 33,
34, 35, 35 c i, 65, 62. 11, 37. 111,
58, 153 Α 43, 72 Af2, 8, 19, 53,
77,85,97 1135 F858,6

Miniea Af 90

Minium G i, 16, 29, 41. ii, 80, 88. iii,
17, 26. iv, 12, 14, 15. ν, 2, 6, 18,
14, 42, 43. vii, 8, 28, 59 o 1, 18,
48, 54. 11, 24, 38, 41. 111, 37, 53, 84,
89 Af- 26, 28, 75, 75

Milo C iii, 22

Milouem C iii, 21

Μίιιιῑιαιιωι· C ii, 18

minutius Η 19

Minerva! C iii, 106

Minervam G vi, 17 C iii, 106

Minima G i, 8

Minimum C i, 70

Minime G i, 1 et alin

Minimi A 49

Minimo G vi, 42

Minimum G i 26. iii, 19. viii, 62

mnia c 1, 2 Ac 61

Minor G v, 18 ,Ο i, 62. iii, 68, 112

Minora Gi, 60. vii, 86, 44, 46 C i,
56. 11, 31. 111, 55, 57 Art, 18

Minore G v, 60. vii, 78 C ii, 4. iii,
43 A 86, 64

Minorem G i, 46, 68. v, 66 C ii, 17.
111, 44 A 4, 88, 84, 85

Minoi-68 G v, 18 C iii, 100 A 18

Minori A 80, 38

Minoribus G i, 51. vii, 16, 49, 61 C
ii, 6. iii, 28, 102

Minoris A 67

Minorum A 14

Mimmt C i, 72

Minucium G vii, 90

Μιιιιιοίιπ C iii, 7 ⁴

Minnebant A 48

„2233

 

 

