clxxxii

iii, 1, 5, 7, 20, 21, 26. ἰν, 1, 4, 7,
20, 22, 28, 24, 27, 29. v, 7, 10, 22.
vi, 17, 25, 85, 48. vii, 1, 9,·25, 28,
45, 55, 61, 67, 69, 72, 78, 79, 84,
86, 88. viii, 5, ιο, 12, 18, 28, 84,
86, 40, 48, 44, 48, 51 C 1, 7,25, 48,
44, 45, 48, 51, 54, 65, 68, 79. 11, 5,
9, 15, 49, 41. 111, 8, 24, 86, 41, 42,
44, 46, 52, 58, 84, 85, m, 191, 100,
100 At, 6,12, 17, 25, 85, 86,42,
44, 46, 61, 72 Ano, 60, 65, 78 11
2, 8

Loco G 1, 15, 25, 26,27, 42, 49, 55.-

11, 8, 9, 19, 15, 18, 25, 25, 25, 55.

, 111, 4, u. 15, 17, 25. iv, 1, 22, 25,
88, 84. v, 5,7,8, 9, 18,21,25,82,
18, 84, 45, 44, 45, 49, 66, 51. vi, 5,

, 4, 14, 15, 22, 25, 27, 89, 86, 87,49.
711, 15, 17, 18, 15, 29, 88, 85, 86,

, 4444, 45, 48, 49, 59, 51, 58, 55,
62, 67, 69, 77, ‘19, 88. viii, 5, 7, 9,
14, 15,16, 17, 26, 27, 88, 41, 42
c 1, 27, 81, 88, 41, 44, 45, 47,·67,

, 79, 7ι,72, 74, 79, 81, 84, 85, 86.
11, 6, 25, 81, 88, 84, 85, 29, 41. 111,
17, 21, 89, 86, 87, 58, 49, 42, 44,

, 45, 46, 59, 51, 55, 51, 68,· 65, 66,
97, 74, 76, 85, 86. 92, 98, 94, 97,

, 152 A 8, 18, 19, 21,27, 28, 86, 88,
52, 59, 69, 72,τ4, 76 Af 6, 81, 52,
55, 58, 89, 411, 41, 42, 49, 61, 66,

,, 67, 69, 71, 78, 78, 89 11 19, 12,
14, 28, 24, 25, 26, 29, 89, 81, 88

Locorum G 111, 0. vii, 88. viii, 19. 27,
89,41,51,52 ο1,17,-51, 41. 111,

. 61 A8,19,27,51,59,51,⁷⁴ ΛΠ,
21, 28, 59 ,

Locum G 1, 7, 18, 29, 24, 28, 59, 84,
49. 11,2, 5, 19, 11, 16, 17, 25, 25,
27, 29. 111, 1, 16. iv, 19, 25. v, 1,9,

, 11, 21, 25, 85,48, u, 50, 52. vi, 9,
19, 11, 12, 17, 29, 82, 85, 49, 42,
48, 44. vn, 9,15, 28, 87, 44, 58, 57,
69, 62, 69, 89, 85. viii, 1, 6, 7, 11,
16,17, 18, 29, 27, 49, 48,54 c i,
49, 45, 44, 45, 45, 47, 59, 61, 67,
71,81, 88, 84. 11, 9, 28, 41. 111, 6,
28, 28, 50, 44, 45, 45, 55, 65, 66,
78, 81, 95, 196, 118 Α 19, 15, 18,
19, 29, 81, 88, 48, 52, 61, 69, 72,

, n, 74, 76 7118 8, 18, 27, 51, 89,

, 59, 79, 86, 81 h 8, 5, 14, 24, 25,
29, 59. 51, 87, 88, 89

· , locupleta C iii, 50

locupletibus A 49

. Locupletiorea A 2

Locupletiuimu C 111, 81

, Locupletium Α 40

Locupletnm C 111, 110

. Locus G i, 15, 81, 49, 45,.49. 111, 19.

“ mnnx

v, 55. vi, 84, 87. vn, 25, 86, 81 C
1, 45, 58, 79, 84. 11 6. 16, 28, 24.
18111, 617ι Α 27, 86 Af' 51, 58 1129,
2

Locuti G 1, 27. 11, 81

Lot-,utos C 11, 21

Locutus C 111, 10, 98

Locutus esset H 18

Locutus est G i, 51. v, 27 Af 4⁶

179938 G iv, 21 C 111, 69 Af 51

Longae G vii, 78 eii, 10 Af 1, 7

Longam C 11, 1 A 15

Longam11⁴1 G iv, 22, 26. v, 8 C 11, 25.
111, 89, 2

Longu (1111, 0. 17, 25, 29. ν, 2 C ἰ,
59, 55, 55. 11, 18. 111, 7, 46, 62, 111
A 44 Af 2 Η 87

Longe G 1, 2 et 8119

179931 A 0

Longino A 58

1799319995 G 1, 47. ν, 20

Longinquam C iii, 80

17993196919765 C 1 52,oe

ιριιὲῑᾶιςυιοήὴω (ξ iv, 27. vif, 17 c

Lolssginquis G εἱ1111, 77

Longinquitatem C 1, 29

Longinum C iii, 84, 86, 55 A 52, 59

Longinus A 48, 49, 59, 61

Longior G v, 87, 52

179931916 G 11, 21. ’111, 26 C i, 59 Af

Longior-em 61,40 A 71

1799319765 C 11, 0

1799319715 C 111, 102

1799315 C ii, 28. 111, 195 A 12, 17, n,
44 Af2, 8,46, 62, 96

179931551916 G i, 1 et 9118

179931551199 G v, 51

179931199196 G vii, 45 A 29 Af 15

longitudinem G 1, 2. v, 15, 88. vi,
20. vii,25 60, 70, 79 C 1, 45. 11, 9.
iii, 112 71117, 59, 78

1799311999 G v, 18

Longius, αιϋ. C 11, 24. 111, 80

17993195, adv. G i, 22 et 8118

179939, «ψ’. G iv, 10. vii, 45 C 1, 24,
28, 59, 87. 11, 16. 111,9, 58, 84, 155

Iaonigum,odi. G vi, 8 C i, 29. 11, 10.
11 2

ιοηξιιήὶ c iii, 45

Longariis G 111, 14. ἰν, 17 C 11, 11

1799397195 G vii, 84

Longus, πωρον. a‘n‘, C 11, 28 ΑΞ

179998191- G 1, 20

Loquebantnr C 1, 72. 11, 55
Loquebatur C 11, 17

Loquendi G i, 46

179(ιαί671, 20 0111, 15, 18, 19 1²

 

